,dates,open,high,low,close,adjusted_close,volume,ticker
0,2019-07-09,116.37,118.62,116.25,118.37,118.37,3694300.0,PYPL
1,2019-07-08,116.34,117.225,115.1401,116.95,116.95,4336099.0,PYPL
2,2019-07-05,116.54,117.4,114.69,117.16,117.16,3801715.0,PYPL
3,2019-07-03,116.88,117.72,116.06,117.68,117.68,3288929.0,PYPL
4,2019-07-02,115.18,116.2,114.58,116.17,116.17,4155388.0,PYPL
5,2019-07-01,116.72,116.75,114.35,115.03,115.03,5709683.0,PYPL
6,2019-06-28,114.24,114.62,113.33,114.46,114.46,6679793.0,PYPL
7,2019-06-27,114.51,114.87,113.08,113.67,113.67,5139346.0,PYPL
8,2019-06-26,115.7,116.38,114.115,114.15,114.15,4637342.0,PYPL
9,2019-06-25,116.58,116.96,113.39,114.44,114.44,5395305.0,PYPL
10,2019-06-24,116.51,116.7731,115.66,116.5,116.5,3369867.0,PYPL
11,2019-06-21,116.08,117.28,115.97,116.21,116.21,10651525.0,PYPL
12,2019-06-20,118.85,119.95,117.84,118.79,118.79,5437516.0,PYPL
13,2019-06-19,116.0,117.34,115.22,117.14,117.14,5165966.0,PYPL
14,2019-06-18,118.6,118.646,115.84,115.98,115.98,6793322.0,PYPL
15,2019-06-17,116.58,117.335,116.37,117.16,117.16,4621594.0,PYPL
16,2019-06-14,115.91,116.73,115.27,116.17,116.17,4241994.0,PYPL
17,2019-06-13,114.82,115.82,114.59,115.72,115.72,4089424.0,PYPL
18,2019-06-12,114.59,114.89,113.4702,114.5,114.5,3914615.0,PYPL
19,2019-06-11,116.97,117.45,113.295,114.6,114.6,5038942.0,PYPL
20,2019-06-10,115.1,117.35,114.85,115.62,115.62,6483553.0,PYPL
21,2019-06-07,112.3,115.14,112.08,114.02,114.02,5916410.0,PYPL
22,2019-06-06,111.11,112.04,110.27,111.78,111.78,4743958.0,PYPL
23,2019-06-05,110.04,110.88,109.46,110.77,110.77,6220170.0,PYPL
24,2019-06-04,106.83,108.83,105.78,108.73,108.73,7280429.0,PYPL
25,2019-06-03,111.09,111.09,103.96,105.52,105.52,11261210.0,PYPL
26,2019-05-31,110.33,110.8,108.74,109.75,109.75,4913455.0,PYPL
27,2019-05-30,110.64,111.57,110.09,111.41,111.41,3871752.0,PYPL
28,2019-05-29,110.75,110.97,109.31,110.08,110.08,8166166.0,PYPL
29,2019-05-28,110.57,113.14,110.5,111.74,111.74,6568269.0,PYPL
30,2019-05-24,110.84,111.24,109.46,109.85,109.85,4832620.0,PYPL
31,2019-05-23,111.47,111.71,109.06,109.9,109.9,7183631.0,PYPL
32,2019-05-22,112.28,113.96,112.21,112.47,112.47,3092002.0,PYPL
33,2019-05-21,112.67,113.12,111.6855,112.43,112.43,4001417.0,PYPL
34,2019-05-20,111.97,113.31,111.23,112.15,112.15,3631596.0,PYPL
35,2019-05-17,113.07,114.25,112.2421,112.8,112.8,4512583.0,PYPL
36,2019-05-16,111.2,114.66,111.16,113.87,113.87,6031779.0,PYPL
37,2019-05-15,108.59,111.93,108.31,111.5,111.5,5315281.0,PYPL
38,2019-05-14,107.56,110.4,107.35,109.09,109.09,4559662.0,PYPL
39,2019-05-13,107.6,108.63,106.52,106.83,106.83,5657900.0,PYPL
40,2019-05-10,109.22,110.68,107.46,110.41,110.41,3750890.0,PYPL
41,2019-05-09,108.1,110.1325,107.2476,109.73,109.73,4657418.0,PYPL
42,2019-05-08,108.58,109.88,108.15,109.07,109.07,4118033.0,PYPL
43,2019-05-07,110.17,110.17,107.64,108.95,108.95,6178708.0,PYPL
44,2019-05-06,109.44,111.12,108.58,110.85,110.85,4722565.0,PYPL
45,2019-05-03,110.57,112.12,110.25,111.96,111.96,4660901.0,PYPL
46,2019-05-02,110.6,111.16,108.91,109.7,109.7,5272425.0,PYPL
47,2019-05-01,113.21,113.69,110.92,110.94,110.94,5444708.0,PYPL
48,2019-04-30,112.44,113.22,111.2,112.77,112.77,6489380.0,PYPL
49,2019-04-29,110.7,113.0,110.44,112.44,112.44,6989300.0,PYPL
50,2019-04-26,109.72,110.57,107.88,110.56,110.56,7683160.0,PYPL
51,2019-04-25,108.52,110.92,108.52,110.22,110.22,10959443.0,PYPL
52,2019-04-24,107.11,108.39,106.4196,107.22,107.22,9553117.0,PYPL
53,2019-04-23,107.1,107.51,106.4401,106.9,106.9,8564219.0,PYPL
54,2019-04-22,106.79,107.18,106.02,106.81,106.81,6408498.0,PYPL
55,2019-04-18,108.36,108.45,105.08,107.36,107.36,10220713.0,PYPL
56,2019-04-17,107.805,108.86,107.25,108.81,108.81,5354021.0,PYPL
57,2019-04-16,108.8,108.8,107.58,108.2,108.2,3766267.0,PYPL
58,2019-04-15,108.58,109.0,107.31,108.14,108.14,4480406.0,PYPL
59,2019-04-12,107.03,108.54,106.41,108.48,108.48,6998048.0,PYPL
60,2019-04-11,107.51,107.74,105.91,106.46,106.46,7681003.0,PYPL
61,2019-04-10,107.15,107.77,106.39,107.51,107.51,6561918.0,PYPL
62,2019-04-09,106.06,107.51,105.83,106.93,106.93,7217072.0,PYPL
63,2019-04-08,105.66,107.0,104.67,106.57,106.57,9261995.0,PYPL
64,2019-04-05,104.84,105.8,104.62,105.73,105.73,8573757.0,PYPL
65,2019-04-04,104.7,104.97,102.65,104.46,104.46,7996830.0,PYPL
66,2019-04-03,105.91,105.97,104.49,104.69,104.69,5442449.0,PYPL
67,2019-04-02,105.76,105.76,104.66,105.23,105.23,4177507.0,PYPL
68,2019-04-01,104.99,105.76,103.85,105.55,105.55,6157204.0,PYPL
69,2019-03-29,104.52,104.7,103.46,103.84,103.84,5625544.0,PYPL
70,2019-03-28,103.45,104.01,102.67,103.86,103.86,4466587.0,PYPL
71,2019-03-27,103.2,104.17,101.74,103.07,103.07,5450156.0,PYPL
72,2019-03-26,102.34,103.285,101.75,103.15,103.15,4498014.0,PYPL
73,2019-03-25,100.94,102.18,100.51,101.55,101.55,5117698.0,PYPL
74,2019-03-22,103.87,104.0,101.25,101.27,101.27,7194999.0,PYPL
75,2019-03-21,102.15,104.56,102.085,104.15,104.15,7216748.0,PYPL
76,2019-03-20,101.45,103.05,100.84,102.31,102.31,6462929.0,PYPL
77,2019-03-19,100.6,101.685,100.6,101.54,101.54,6965119.0,PYPL
78,2019-03-18,101.21,101.83,99.37,100.27,100.27,6454037.0,PYPL
79,2019-03-15,99.4,101.2599,99.33,100.73,100.73,10960863.0,PYPL
80,2019-03-14,99.46,99.67,98.93,99.03,99.03,5414658.0,PYPL
81,2019-03-13,98.2,100.5901,98.14,99.31,99.31,9356601.0,PYPL
82,2019-03-12,98.0,98.08,96.9,97.5,97.5,5624849.0,PYPL
83,2019-03-11,96.01,97.57,95.9539,97.45,97.45,5387479.0,PYPL
84,2019-03-08,95.04,95.77,94.51,95.69,95.69,4578084.0,PYPL
85,2019-03-07,96.17,96.75,95.3,96.21,96.21,6170276.0,PYPL
86,2019-03-06,96.52,97.28,95.91,96.46,96.46,3226530.0,PYPL
87,2019-03-05,96.65,97.14,96.15,96.53,96.53,6321889.0,PYPL
88,2019-03-04,98.03,98.5,95.34,96.57,96.57,7855772.0,PYPL
89,2019-03-01,98.92,99.45,98.34,98.8,98.8,5434436.0,PYPL
90,2019-02-28,97.66,98.525,97.08,98.07,98.07,6151847.0,PYPL
91,2019-02-27,96.11,98.04,95.93,97.86,97.86,5565391.0,PYPL
92,2019-02-26,96.34,96.82,95.53,96.59,96.59,5906401.0,PYPL
93,2019-02-25,96.07,97.3038,96.0,96.7,96.7,7470730.0,PYPL
94,2019-02-22,95.24,96.0,95.07,95.98,95.98,4898247.0,PYPL
95,2019-02-21,94.72,95.51,94.33,94.96,94.96,6410003.0,PYPL
96,2019-02-20,95.0,95.72,93.98,94.73,94.73,8154094.0,PYPL
97,2019-02-19,94.45,95.3,94.06,95.02,95.02,8092379.0,PYPL
98,2019-02-15,95.0,95.43,94.45,94.91,94.91,6080181.0,PYPL
99,2019-02-14,93.65,94.99,93.1,94.42,94.42,6579170.0,PYPL
100,2019-02-13,94.59,96.04,93.844,94.01,94.01,8577942.0,PYPL
101,2019-02-12,93.44,94.51,93.2,94.38,94.38,7497035.0,PYPL
102,2019-02-11,92.25,93.75,92.15,92.69,92.69,6455938.0,PYPL
103,2019-02-08,90.02,91.91,90.0,91.87,91.87,7642107.0,PYPL
104,2019-02-07,91.11,91.71,90.01,90.85,90.85,7283827.0,PYPL
105,2019-02-06,90.8,92.29,90.19,92.25,92.25,5939421.0,PYPL
106,2019-02-05,91.91,92.35,91.36,92.27,92.27,5591260.0,PYPL
107,2019-02-04,89.88,92.12,89.71,91.66,91.66,7084477.0,PYPL
108,2019-02-01,88.36,90.5,88.25,90.01,90.01,10514645.0,PYPL
109,2019-01-31,89.02,90.09,86.62,88.76,88.76,23729880.0,PYPL
110,2019-01-30,92.02,93.34,90.9,92.42,92.42,11622819.0,PYPL
111,2019-01-29,92.33,92.85,90.57,91.12,91.12,6399936.0,PYPL
112,2019-01-28,93.3,93.42,90.69,92.3,92.3,7361144.0,PYPL
113,2019-01-25,93.05,94.58,92.69,94.28,94.28,11664736.0,PYPL
114,2019-01-24,90.67,92.99,90.55,92.2,92.2,9749072.0,PYPL
115,2019-01-23,90.74,91.17,89.57,90.5,90.5,5596051.0,PYPL
116,2019-01-22,90.33,90.97,89.09,89.94,89.94,7890273.0,PYPL
117,2019-01-18,91.35,91.44,89.78,91.12,91.12,11958388.0,PYPL
118,2019-01-17,90.25,90.87,89.81,90.4,90.4,10254547.0,PYPL
119,2019-01-16,91.72,92.35,90.21,90.55,90.55,8475025.0,PYPL
120,2019-01-15,90.64,91.91,90.19,91.6,91.6,10377929.0,PYPL
121,2019-01-14,89.96,90.81,89.55,90.43,90.43,6084735.0,PYPL
122,2019-01-11,90.11,91.1442,90.1,90.65,90.65,7398181.0,PYPL
123,2019-01-10,89.1,90.79,87.918,90.7,90.7,7478123.0,PYPL
124,2019-01-09,88.81,90.315,88.5,89.55,89.55,9578323.0,PYPL
125,2019-01-08,88.11,88.895,87.69,88.7,88.7,8307637.0,PYPL
126,2019-01-07,86.42,87.55,86.02,86.93,86.93,11094140.0,PYPL
127,2019-01-04,83.71,86.91,83.37,86.27,86.27,9234825.0,PYPL
128,2019-01-03,84.36,84.75,81.91,82.09,82.09,9650676.0,PYPL
129,2019-01-02,82.38,86.2,82.24,85.75,85.75,10146197.0,PYPL
130,2018-12-31,84.24,84.48,82.55,84.09,84.09,7247755.0,PYPL
131,2018-12-28,85.0,85.23,82.34,83.26,83.26,6850418.0,PYPL
132,2018-12-27,81.33,84.36,80.24,84.31,84.31,7849070.0,PYPL
133,2018-12-26,77.7,82.8,77.65,82.8,82.8,10994728.0,PYPL
134,2018-12-24,77.48,79.3199,76.7,77.06,77.06,6800483.0,PYPL
135,2018-12-21,82.81,83.77,77.69,78.14,78.14,17704936.0,PYPL
136,2018-12-20,83.78,84.87,80.82,82.44,82.44,12532882.0,PYPL
137,2018-12-19,85.63,87.8,82.93,84.03,84.03,11258380.0,PYPL
138,2018-12-18,84.7,86.37,84.62,85.51,85.51,9573004.0,PYPL
139,2018-12-17,85.69,86.3,83.3508,84.1,84.1,8368108.0,PYPL
140,2018-12-14,86.38,87.94,85.42,85.92,85.92,6869115.0,PYPL
141,2018-12-13,87.73,88.71,86.41,87.56,87.56,8877266.0,PYPL
142,2018-12-12,86.84,88.46,86.5,86.5,86.5,10306780.0,PYPL
143,2018-12-11,86.01,86.9,84.56,85.51,85.51,8159070.0,PYPL
144,2018-12-10,83.25,85.5,82.76,84.93,84.93,9348154.0,PYPL
145,2018-12-07,84.96,85.99,81.97,82.77,82.77,8419488.0,PYPL
146,2018-12-06,81.82,85.86,81.29,85.82,85.82,10197740.0,PYPL
147,2018-12-04,87.24,88.47,84.02,84.19,84.19,8251093.0,PYPL
148,2018-12-03,87.29,88.84,87.19,87.98,87.98,10822485.0,PYPL
149,2018-11-30,84.39,85.86,83.66,85.81,85.81,11273280.0,PYPL
150,2018-11-29,85.37,85.675,83.79,84.26,84.26,6516560.0,PYPL
151,2018-11-28,82.27,86.0,81.9496,85.98,85.98,9341953.0,PYPL
152,2018-11-27,81.0,82.0,80.205,81.97,81.97,5335151.0,PYPL
153,2018-11-26,78.97,80.98,78.86,80.86,80.86,9292903.0,PYPL
154,2018-11-23,78.09,79.71,77.9,77.95,77.95,3066853.0,PYPL
155,2018-11-21,79.09,79.89,77.635,79.12,79.12,8522932.0,PYPL
156,2018-11-20,77.0,79.08,75.47,77.76,77.76,14202099.0,PYPL
157,2018-11-19,84.77,85.19,79.9,80.13,80.13,11455289.0,PYPL
158,2018-11-16,86.0,86.72,84.83,85.06,85.06,7580987.0,PYPL
159,2018-11-15,83.79,87.09,83.6,86.74,86.74,10001248.0,PYPL
160,2018-11-14,84.98,85.14,83.07,84.05,84.05,6678468.0,PYPL
161,2018-11-13,84.12,85.229,83.16,83.78,83.78,4731289.0,PYPL
162,2018-11-12,86.17,86.65,83.3,83.78,83.78,6278185.0,PYPL
163,2018-11-09,88.45,88.45,85.55,86.76,86.76,9105908.0,PYPL
164,2018-11-08,87.7,89.06,87.68,89.04,89.04,7539282.0,PYPL
165,2018-11-07,85.86,88.49,85.73,88.23,88.23,8672013.0,PYPL
166,2018-11-06,84.1,85.31,83.72,84.69,84.69,4662485.0,PYPL
167,2018-11-05,83.33,84.25,82.25,84.05,84.05,4622289.0,PYPL
168,2018-11-02,85.46,86.104,82.65,83.51,83.51,7014351.0,PYPL
169,2018-11-01,84.18,85.15,83.57,85.04,85.04,5952606.0,PYPL
170,2018-10-31,82.37,85.35,82.3,84.19,84.19,11191843.0,PYPL
171,2018-10-30,80.33,81.96,79.42,80.9,80.9,13100808.0,PYPL
172,2018-10-29,84.74,85.24,78.99,81.15,81.15,12918820.0,PYPL
173,2018-10-26,83.22,85.66,82.18,83.37,83.37,13969414.0,PYPL
174,2018-10-25,84.24,86.51,83.56,85.96,85.96,9267622.0,PYPL
175,2018-10-24,87.04,87.69,83.01,83.09,83.09,14754551.0,PYPL
176,2018-10-23,83.2,87.8,82.99,87.57,87.57,14753761.0,PYPL
177,2018-10-22,84.86,86.23,83.5711,85.43,85.43,11254755.0,PYPL
178,2018-10-19,83.75,86.17,82.92,84.78,84.78,34211905.0,PYPL
179,2018-10-18,80.17,80.44,77.36,77.48,77.48,19748527.0,PYPL
180,2018-10-17,81.19,81.39,79.5,80.09,80.09,10022637.0,PYPL
181,2018-10-16,78.85,80.91,78.46,80.61,80.61,10059964.0,PYPL
182,2018-10-15,78.88,79.14,77.22,77.23,77.23,8481098.0,PYPL
183,2018-10-12,79.12,79.6,77.79,79.03,79.03,14131406.0,PYPL
184,2018-10-11,76.81,77.785,74.66,75.9,75.9,21010646.0,PYPL
185,2018-10-10,79.61,79.91,75.32,75.45,75.45,16920253.0,PYPL
186,2018-10-09,80.65,81.84,79.44,80.03,80.03,9332600.0,PYPL
187,2018-10-08,82.62,82.89,78.65,80.55,80.55,16872156.0,PYPL
188,2018-10-05,84.21,84.84,82.32,83.18,83.18,10735779.0,PYPL
189,2018-10-04,86.39,86.5,83.54,84.34,84.34,9078341.0,PYPL
190,2018-10-03,87.4,87.95,86.37,87.15,87.15,6625013.0,PYPL
191,2018-10-02,87.27,87.35,85.83,86.68,86.68,6488198.0,PYPL
192,2018-10-01,88.13,88.8,87.4,87.55,87.55,9260577.0,PYPL
193,2018-09-28,88.79,89.045,87.6,87.84,87.84,7920916.0,PYPL
194,2018-09-27,90.61,90.7,88.86,88.99,88.99,6996564.0,PYPL
195,2018-09-26,90.34,90.93,89.7,89.85,89.85,5936191.0,PYPL
196,2018-09-25,89.62,90.38,89.2748,90.04,90.04,5953397.0,PYPL
197,2018-09-24,89.95,90.26,88.26,89.62,89.62,8303272.0,PYPL
198,2018-09-21,91.05,92.0,90.42,90.62,90.62,25379398.0,PYPL
199,2018-09-20,89.84,90.78,89.185,90.6,90.6,6562065.0,PYPL
200,2018-09-19,90.1,90.7399,88.2382,89.31,89.31,5495100.0,PYPL
201,2018-09-18,88.71,90.09,88.71,89.72,89.72,5820686.0,PYPL
202,2018-09-17,90.66,91.3,88.51,88.68,88.68,9293798.0,PYPL
203,2018-09-14,92.25,92.68,90.68,90.78,90.78,9342821.0,PYPL
204,2018-09-13,92.6,93.7,92.06,92.19,92.19,8308315.0,PYPL
205,2018-09-12,91.53,92.46,90.21,92.4,92.4,7213519.0,PYPL
206,2018-09-11,89.83,91.71,89.035,91.43,91.43,7324353.0,PYPL
207,2018-09-10,89.43,89.99,88.56,89.8,89.8,5465965.0,PYPL
208,2018-09-07,88.13,89.68,87.39,88.82,88.82,5679468.0,PYPL
209,2018-09-06,89.18,89.555,88.06,89.0,89.0,6840606.0,PYPL
210,2018-09-05,92.98,93.0,88.7,89.05,89.05,10202178.0,PYPL
211,2018-09-04,91.94,93.44,91.62,93.07,93.07,6466717.0,PYPL
212,2018-08-31,91.84,92.74,91.8,92.33,92.33,4874378.0,PYPL
213,2018-08-30,92.29,93.01,91.71,92.09,92.09,7146558.0,PYPL
214,2018-08-29,90.78,92.94,90.78,92.62,92.62,7929101.0,PYPL
215,2018-08-28,90.1,90.85,89.68,90.61,90.61,4643751.0,PYPL
216,2018-08-27,90.68,91.32,89.78,89.97,89.97,5466661.0,PYPL
217,2018-08-24,87.95,90.13,87.95,90.1,90.1,7403855.0,PYPL
218,2018-08-23,86.72,88.175,86.67,87.38,87.38,4310036.0,PYPL
219,2018-08-22,86.0,87.16,85.63,86.95,86.95,4265905.0,PYPL
220,2018-08-21,85.82,87.38,85.82,86.22,86.22,5389566.0,PYPL
221,2018-08-20,85.74,86.0,84.9,85.75,85.75,4102976.0,PYPL
222,2018-08-17,85.1,85.77,84.22,85.45,85.45,6245013.0,PYPL
223,2018-08-16,85.85,85.9,84.87,85.32,85.32,5967213.0,PYPL
224,2018-08-15,86.78,87.25,84.61,85.19,85.19,8742930.0,PYPL
225,2018-08-14,87.37,87.83,86.48,87.73,87.73,6107398.0,PYPL
226,2018-08-13,87.42,88.5,86.96,87.01,87.01,6040062.0,PYPL
227,2018-08-10,86.55,88.03,86.01,87.01,87.01,5796458.0,PYPL
228,2018-08-09,86.91,88.09,86.48,87.17,87.17,5507014.0,PYPL
229,2018-08-08,86.23,87.095,85.86,86.74,86.74,3889380.0,PYPL
230,2018-08-07,86.3,86.99,85.95,86.3,86.3,4951217.0,PYPL
231,2018-08-06,85.19,86.1,84.9,85.77,85.77,5702760.0,PYPL
232,2018-08-03,85.99,86.2,84.15,85.19,85.19,6216575.0,PYPL
233,2018-08-02,82.95,85.59,82.85,85.53,85.53,8327178.0,PYPL
234,2018-08-01,82.24,83.98,82.0097,83.46,83.46,11160356.0,PYPL
235,2018-07-31,82.51,83.32,81.3,82.14,82.14,13462210.0,PYPL
236,2018-07-30,85.5,85.5,81.85,82.39,82.39,13501510.0,PYPL
237,2018-07-27,89.5,90.28,84.75,85.46,85.46,14903397.0,PYPL
238,2018-07-26,88.51,90.68,87.25,89.14,89.14,14505569.0,PYPL
239,2018-07-25,91.13,92.35,91.01,91.37,91.37,12050439.0,PYPL
240,2018-07-24,90.6,92.35,90.4133,91.41,91.41,13369404.0,PYPL
241,2018-07-23,87.14,89.6,85.82,89.24,89.24,11759671.0,PYPL
242,2018-07-20,87.32,88.0,87.14,87.47,87.47,7554139.0,PYPL
243,2018-07-19,88.0,88.59,87.16,87.38,87.38,5612878.0,PYPL
244,2018-07-18,88.7,88.93,87.68,88.22,88.22,4797062.0,PYPL
245,2018-07-17,87.25,88.72,86.59,88.58,88.58,5086126.0,PYPL
246,2018-07-16,88.26,88.3413,87.48,87.77,87.77,4452265.0,PYPL
247,2018-07-13,89.0,89.1,86.83,87.99,87.99,6110637.0,PYPL
248,2018-07-12,87.2,89.19,86.8,89.13,89.13,6912332.0,PYPL
249,2018-07-11,85.47,86.86,85.07,86.25,86.25,4153183.0,PYPL
250,2018-07-10,86.72,86.72,85.77,86.17,86.17,3723180.0,PYPL
251,2018-07-09,86.6,86.9,85.3476,86.23,86.23,5683472.0,PYPL
252,2018-07-06,84.41,86.0,83.94,85.94,85.94,5095457.0,PYPL
253,2018-07-05,83.64,84.64,83.3,84.59,84.59,5287716.0,PYPL
254,2018-07-03,84.36,84.9,83.15,83.27,83.27,3644133.0,PYPL
255,2018-07-02,82.75,83.96,82.0621,83.89,83.89,4929447.0,PYPL
256,2018-06-29,82.75,83.66,82.61,83.27,83.27,6816964.0,PYPL
257,2018-06-28,80.39,82.83,80.16,82.48,82.48,7374725.0,PYPL
258,2018-06-27,82.55,82.97,80.4533,80.67,80.67,8974510.0,PYPL
259,2018-06-26,82.68,83.21,81.77,82.32,82.32,6742177.0,PYPL
260,2018-06-25,84.08,84.47,81.21,82.19,82.19,10780118.0,PYPL
261,2018-06-22,86.32,86.56,84.61,85.12,85.12,7503397.0,PYPL
262,2018-06-21,86.5,87.55,85.45,85.97,85.97,8101290.0,PYPL
263,2018-06-20,84.86,86.97,84.82,85.95,85.95,9174942.0,PYPL
264,2018-06-19,84.64,84.96,83.43,84.52,84.52,6245114.0,PYPL
265,2018-06-18,84.84,86.2,84.44,85.85,85.85,5579359.0,PYPL
266,2018-06-15,85.33,85.69,84.1,85.31,85.31,8710787.0,PYPL
267,2018-06-14,85.5,86.295,85.21,85.61,85.61,6643352.0,PYPL
268,2018-06-13,85.5,86.0,84.68,85.27,85.27,7510276.0,PYPL
269,2018-06-12,83.93,86.2,83.875,85.02,85.02,9216898.0,PYPL
270,2018-06-11,84.45,84.59,83.79,83.89,83.89,4870444.0,PYPL
271,2018-06-08,83.23,84.49,83.15,84.34,84.34,7430930.0,PYPL
272,2018-06-07,85.21,85.3,82.31,83.27,83.27,7838563.0,PYPL
273,2018-06-06,85.05,85.61,84.5,85.21,85.21,7867161.0,PYPL
274,2018-06-05,84.5,85.2,84.01,85.05,85.05,9033556.0,PYPL
275,2018-06-04,83.23,84.8,82.77,84.57,84.57,7423686.0,PYPL
276,2018-06-01,82.5497,83.46,81.85,83.25,83.25,7092081.0,PYPL
277,2018-05-31,81.81,82.83,81.55,82.07,82.07,8250136.0,PYPL
278,2018-05-30,81.1613,82.06,80.9,81.6,81.6,5516230.0,PYPL
279,2018-05-29,80.71,81.34,80.2,80.73,80.73,6924208.0,PYPL
280,2018-05-25,82.65,82.72,80.49,80.96,80.96,9471281.0,PYPL
281,2018-05-24,80.91,83.06,79.66,81.55,81.55,11696832.0,PYPL
282,2018-05-23,79.66,81.12,79.405,81.08,81.08,5059808.0,PYPL
283,2018-05-22,81.39,81.61,80.28,80.62,80.62,5188282.0,PYPL
284,2018-05-21,81.61,82.32,80.37,81.25,81.25,7882072.0,PYPL
285,2018-05-18,79.9,81.94,79.8247,80.79,80.79,14626894.0,PYPL
286,2018-05-17,77.63,81.16,77.59,79.19,79.19,8329549.0,PYPL
287,2018-05-16,77.5,78.54,77.2801,77.82,77.82,5350161.0,PYPL
288,2018-05-15,77.85,78.2,76.93,77.79,77.79,6173510.0,PYPL
289,2018-05-14,79.14,79.65,78.4402,78.81,78.81,5821169.0,PYPL
290,2018-05-11,79.25,79.39,78.08,79.2,79.2,9871283.0,PYPL
291,2018-05-10,77.39,79.255,77.25,79.19,79.19,11541352.0,PYPL
292,2018-05-09,76.08,77.05,75.46,77.01,77.01,6230501.0,PYPL
293,2018-05-08,74.62,75.94,74.44,75.72,75.72,6267169.0,PYPL
294,2018-05-07,74.22,75.12,74.1,74.67,74.67,7583734.0,PYPL
295,2018-05-04,73.19,74.44,72.23,73.99,73.99,7470794.0,PYPL
296,2018-05-03,71.3,73.77,70.22,73.45,73.45,17310691.0,PYPL
297,2018-05-02,75.0,75.71,71.21,71.73,71.73,17710747.0,PYPL
298,2018-05-01,74.15,74.99,73.6,74.81,74.81,5660219.0,PYPL
299,2018-04-30,74.0,75.019,73.69,74.61,74.61,9444449.0,PYPL
300,2018-04-27,76.21,76.39,73.635,74.13,74.13,9794316.0,PYPL
301,2018-04-26,76.32,77.62,75.49,76.03,76.03,13625287.0,PYPL
302,2018-04-25,75.39,75.575,73.7,74.0,74.0,10940287.0,PYPL
303,2018-04-24,78.9,79.4,75.08,75.28,75.28,9186611.0,PYPL
304,2018-04-23,78.86,79.45,77.99,78.21,78.21,4038517.0,PYPL
305,2018-04-20,79.22,79.87,78.3,78.73,78.73,6265267.0,PYPL
306,2018-04-19,80.2,80.39,79.19,79.68,79.68,7122738.0,PYPL
307,2018-04-18,80.1,80.89,79.32,80.34,80.34,5943689.0,PYPL
308,2018-04-17,78.55,80.43,78.5,80.03,80.03,7135657.0,PYPL
309,2018-04-16,77.88,78.5,77.19,77.8,77.8,5101377.0,PYPL
310,2018-04-13,78.0,78.63,76.83,77.27,77.27,5909943.0,PYPL
311,2018-04-12,76.8,77.99,76.61,77.46,77.46,5034799.0,PYPL
312,2018-04-11,76.2,77.4,76.08,76.5,76.5,4581013.0,PYPL
313,2018-04-10,76.51,77.31,75.8003,76.79,76.79,6217464.0,PYPL
314,2018-04-09,74.6,76.88,74.6,75.19,75.19,7328434.0,PYPL
315,2018-04-06,75.52,76.4,73.7,73.86,73.86,8179131.0,PYPL
316,2018-04-05,75.59,77.82,75.48,76.95,76.95,10015717.0,PYPL
317,2018-04-04,73.0,75.06,72.52,74.78,74.78,8230790.0,PYPL
318,2018-04-03,75.28,75.41,73.35,74.56,74.56,8885973.0,PYPL
319,2018-04-02,75.23,76.3001,74.01,75.0,75.0,11417691.0,PYPL
320,2018-03-29,75.31,77.2,74.55,75.87,75.87,11064269.0,PYPL
321,2018-03-28,75.7,76.75,74.74,75.06,75.06,14370325.0,PYPL
322,2018-03-27,79.59,79.9,75.65,76.31,76.31,7871834.0,PYPL
323,2018-03-26,77.98,79.17,77.0301,78.95,78.95,8616491.0,PYPL
324,2018-03-23,78.5,79.06,76.35,76.44,76.44,9224006.0,PYPL
325,2018-03-22,79.81,80.12,78.46,78.56,78.56,9308694.0,PYPL
326,2018-03-21,80.94,82.35,80.51,81.04,81.04,6575070.0,PYPL
327,2018-03-20,80.18,81.19,80.0535,80.86,80.86,7249737.0,PYPL
328,2018-03-19,80.89,81.44,79.11,80.3,80.3,8853780.0,PYPL
329,2018-03-16,82.8,83.23,81.27,82.16,82.16,7554648.0,PYPL
330,2018-03-15,83.75,83.99,81.57,82.57,82.57,9047478.0,PYPL
331,2018-03-14,80.74,83.5,80.64,83.31,83.31,13481306.0,PYPL
332,2018-03-13,80.69,80.99,79.27,80.2,80.2,6309172.0,PYPL
333,2018-03-12,80.75,81.17,80.35,80.6,80.6,6214564.0,PYPL
334,2018-03-09,80.26,80.85,80.11,80.71,80.71,6402337.0,PYPL
335,2018-03-08,79.85,80.49,79.53,79.87,79.87,6428399.0,PYPL
336,2018-03-07,78.65,79.555,78.01,79.52,79.52,5546703.0,PYPL
337,2018-03-06,79.33,79.95,78.85,79.23,79.23,7477760.0,PYPL
338,2018-03-05,78.07,79.42,77.09,79.07,79.07,6652980.0,PYPL
339,2018-03-02,77.52,79.11,76.93,78.87,78.87,9426242.0,PYPL
340,2018-03-01,79.6,80.44,77.88,78.64,78.64,8443335.0,PYPL
341,2018-02-28,79.9,82.17,79.39,79.41,79.41,10720543.0,PYPL
342,2018-02-27,79.11,79.929,78.61,79.46,79.46,8798204.0,PYPL
343,2018-02-26,80.0,80.05,78.98,79.35,79.35,7103517.0,PYPL
344,2018-02-23,78.26,79.7,77.391,79.69,79.69,7453813.0,PYPL
345,2018-02-22,76.8,78.37,76.77,77.7,77.7,6568273.0,PYPL
346,2018-02-21,77.2,78.496,76.465,76.51,76.51,8186338.0,PYPL
347,2018-02-20,77.7,78.54,76.66,77.06,77.06,6805122.0,PYPL
348,2018-02-16,78.2,78.75,77.53,78.37,78.37,9459255.0,PYPL
349,2018-02-15,78.01,78.3,76.58,78.295,78.295,8866072.0,PYPL
350,2018-02-14,74.18,77.36,74.13,77.27,77.27,8776669.0,PYPL
351,2018-02-13,74.81,75.6,74.55,74.97,74.97,7647944.0,PYPL
352,2018-02-12,75.49,76.28,74.852,75.28,75.28,10380424.0,PYPL
353,2018-02-09,73.14,75.27,71.63,74.75,74.75,13466714.0,PYPL
354,2018-02-08,75.63,75.91,72.27,72.32,72.32,12732232.0,PYPL
355,2018-02-07,75.35,77.58,74.94,75.59,75.59,11547002.0,PYPL
356,2018-02-06,72.63,76.515,72.25,75.68,75.68,19176878.0,PYPL
357,2018-02-05,75.95,78.98,74.68,74.705,74.705,17055985.0,PYPL
358,2018-02-02,78.1,79.62,76.28,76.57,76.57,21799952.0,PYPL
359,2018-02-01,79.95,80.95,76.7,78.4,78.4,43971676.0,PYPL
360,2018-01-31,84.18,86.32,84.16,85.32,85.32,12202052.0,PYPL
361,2018-01-30,83.0,84.17,82.0,83.78,83.78,7713882.0,PYPL
362,2018-01-29,85.2,85.35,83.62,84.31,84.31,7819033.0,PYPL
363,2018-01-26,84.46,85.49,84.04,85.45,85.45,7626512.0,PYPL
364,2018-01-25,84.0,85.27,83.71,84.34,84.34,7131582.0,PYPL
365,2018-01-24,84.52,85.29,82.71,83.71,83.71,8520856.0,PYPL
366,2018-01-23,84.12,84.55,83.45,84.21,84.21,9308663.0,PYPL
367,2018-01-22,84.0,84.21,83.22,83.98,83.98,6811730.0,PYPL
368,2018-01-19,83.23,84.19,83.1283,83.84,83.84,8654070.0,PYPL
369,2018-01-18,82.43,83.44,81.61,82.94,82.94,7073486.0,PYPL
370,2018-01-17,80.4,82.61,79.96,82.47,82.47,6839061.0,PYPL
371,2018-01-16,80.95,81.8,79.94,80.42,80.42,9071325.0,PYPL
372,2018-01-12,80.0,80.77,79.66,80.54,80.54,6771884.0,PYPL
373,2018-01-11,79.45,79.87,78.91,79.75,79.75,5305684.0,PYPL
374,2018-01-10,78.5,79.485,77.7,79.37,79.37,5935952.0,PYPL
375,2018-01-09,80.1,80.39,78.52,79.19,79.19,9571830.0,PYPL
376,2018-01-08,78.7,79.18,77.773,79.05,79.05,7763556.0,PYPL
377,2018-01-05,77.11,78.93,77.01,78.7,78.7,11625483.0,PYPL
378,2018-01-04,77.33,77.9287,76.2599,76.73,76.73,8613359.0,PYPL
379,2018-01-03,74.3,76.8499,74.05,76.75,76.75,9696574.0,PYPL
380,2018-01-02,74.235,74.5,73.43,73.84,73.84,7237093.0,PYPL
381,2017-12-29,73.92,74.53,73.58,73.62,73.62,4396182.0,PYPL
382,2017-12-28,74.96,75.0,73.86,74.17,74.17,3363964.0,PYPL
383,2017-12-27,74.25,74.93,74.0,74.59,74.59,4226467.0,PYPL
384,2017-12-26,73.29,74.34,72.63,74.27,74.27,4683371.0,PYPL
385,2017-12-22,73.8,74.04,72.9,73.89,73.89,3570969.0,PYPL
386,2017-12-21,74.19,74.47,73.8,74.02,74.02,4556474.0,PYPL
387,2017-12-20,74.64,74.9,73.76,74.0,74.0,5964055.0,PYPL
388,2017-12-19,75.39,75.39,73.91,74.5,74.5,7430435.0,PYPL
389,2017-12-18,76.3,76.35,75.2,75.32,75.32,8034166.0,PYPL
390,2017-12-15,74.82,75.87,73.51,75.65,75.65,10935788.0,PYPL
391,2017-12-14,74.5,75.53,74.2,74.26,74.26,7453419.0,PYPL
392,2017-12-13,74.08,75.42,73.77,74.09,74.09,7037486.0,PYPL
393,2017-12-12,73.45,74.31,73.0,73.62,73.62,5947690.0,PYPL
394,2017-12-11,72.96,73.68,72.56,73.29,73.29,5786918.0,PYPL
395,2017-12-08,74.71,74.71,72.6,72.91,72.91,8130594.0,PYPL
396,2017-12-07,73.25,74.069,73.25,73.69,73.69,7547591.0,PYPL
397,2017-12-06,70.89,73.2,70.83,73.14,73.14,9188317.0,PYPL
398,2017-12-05,69.81,72.75,69.61,71.2,71.2,15818651.0,PYPL
399,2017-12-04,75.59,75.7439,68.61,70.97,70.97,26283639.0,PYPL
400,2017-12-01,75.22,76.44,74.26,75.3,75.3,13374393.0,PYPL
401,2017-11-30,73.77,75.87,73.54,75.73,75.73,15933501.0,PYPL
402,2017-11-29,77.95,77.98,71.67,73.25,73.25,25165672.0,PYPL
403,2017-11-28,77.95,78.23,77.2435,77.79,77.79,8570920.0,PYPL
404,2017-11-27,78.63,79.385,77.71,77.84,77.84,6745449.0,PYPL
405,2017-11-24,77.81,78.9,77.7,78.57,78.57,4305618.0,PYPL
406,2017-11-22,77.9,77.99,76.62,77.57,77.57,7975445.0,PYPL
407,2017-11-21,77.09,78.43,76.85,77.77,77.77,10603105.0,PYPL
408,2017-11-20,76.6,77.32,75.88,76.01,76.01,6799610.0,PYPL
409,2017-11-17,78.01,78.01,75.8,76.38,76.38,11771514.0,PYPL
410,2017-11-16,75.5,77.94,75.28,77.7,77.7,12483984.0,PYPL
411,2017-11-15,74.3,74.4,73.185,73.43,73.43,5780290.0,PYPL
412,2017-11-14,74.1,74.82,73.62,74.49,74.49,6277159.0,PYPL
413,2017-11-13,73.61,74.29,73.34,74.03,74.03,5821794.0,PYPL
414,2017-11-10,73.77,74.14,73.56,73.99,73.99,5703206.0,PYPL
415,2017-11-09,74.02,74.2,72.41,74.1,74.1,8526645.0,PYPL
416,2017-11-08,74.0,75.0,73.31,74.77,74.77,7593063.0,PYPL
417,2017-11-07,75.17,75.45,74.19,74.41,74.41,6855004.0,PYPL
418,2017-11-06,73.72,74.76,73.42,74.74,74.74,10052359.0,PYPL
419,2017-11-03,72.37,73.41,71.94,73.39,73.39,6714105.0,PYPL
420,2017-11-02,72.46,72.776,72.01,72.25,72.25,4518557.0,PYPL
421,2017-11-01,72.78,72.99,71.69,72.38,72.38,6576235.0,PYPL
422,2017-10-31,71.34,72.74,71.11,72.56,72.56,7478157.0,PYPL
423,2017-10-30,71.45,71.54,70.53,71.15,71.15,6911407.0,PYPL
424,2017-10-27,71.72,71.79,70.58,71.06,71.06,9192172.0,PYPL
425,2017-10-26,71.46,72.07,71.04,71.34,71.34,7967791.0,PYPL
426,2017-10-25,69.94,71.42,69.85,71.02,71.02,11908785.0,PYPL
427,2017-10-24,69.73,70.565,69.67,70.21,70.21,12057648.0,PYPL
428,2017-10-23,71.02,71.33,69.55,69.8,69.8,12004583.0,PYPL
429,2017-10-20,71.33,71.73,69.69,70.97,70.97,33976887.0,PYPL
430,2017-10-19,67.3,67.45,66.16,67.25,67.25,11645310.0,PYPL
431,2017-10-18,67.4,67.5,67.0,67.26,67.26,7866118.0,PYPL
432,2017-10-17,67.65,67.67,66.35,66.67,66.67,10630805.0,PYPL
433,2017-10-16,69.04,69.2,67.28,67.31,67.31,9449837.0,PYPL
434,2017-10-13,69.49,69.61,68.0,68.66,68.66,8596855.0,PYPL
435,2017-10-12,68.02,68.98,67.805,68.86,68.86,8607233.0,PYPL
436,2017-10-11,67.25,68.42,66.98,67.78,67.78,11918941.0,PYPL
437,2017-10-10,66.6,66.67,65.79,66.04,66.04,5795772.0,PYPL
438,2017-10-09,66.2,66.55,65.9,66.23,66.23,5511409.0,PYPL
439,2017-10-06,66.0,66.41,65.79,66.05,66.05,6102894.0,PYPL
440,2017-10-05,64.38,66.0,64.22,65.82,65.82,6918222.0,PYPL
441,2017-10-04,64.3,64.3,63.69,64.01,64.01,4399565.0,PYPL
442,2017-10-03,64.51,64.51,63.761,64.22,64.22,5614020.0,PYPL
443,2017-10-02,64.5,65.12,64.1,64.18,64.18,5141673.0,PYPL
444,2017-09-29,63.86,64.17,63.5,64.03,64.03,6706995.0,PYPL
445,2017-09-28,63.62,64.055,63.11,63.93,63.93,3982117.0,PYPL
446,2017-09-27,63.41,63.75,63.16,63.33,63.33,6807674.0,PYPL
447,2017-09-26,63.71,63.762,62.84,62.94,62.94,8084916.0,PYPL
448,2017-09-25,65.0,65.0,62.365,63.5,63.5,13088161.0,PYPL
449,2017-09-22,64.33,65.24,64.11,65.08,65.08,6539011.0,PYPL
450,2017-09-21,64.67,64.95,63.905,64.63,64.63,6539750.0,PYPL
451,2017-09-20,63.99,64.87,63.83,64.74,64.74,11704012.0,PYPL
452,2017-09-19,63.01,63.925,62.96,63.83,63.83,7646245.0,PYPL
453,2017-09-18,62.62,63.53,62.52,62.92,62.92,7561354.0,PYPL
454,2017-09-15,62.27,62.8,61.96,62.5,62.5,9561717.0,PYPL
455,2017-09-14,62.04,62.37,61.71,62.24,62.24,5657030.0,PYPL
456,2017-09-13,62.47,62.75,61.58,62.04,62.04,6113877.0,PYPL
457,2017-09-12,62.95,63.12,62.15,62.56,62.56,6199885.0,PYPL
458,2017-09-11,61.73,63.26,61.62,62.64,62.64,8169342.0,PYPL
459,2017-09-08,61.94,62.0,61.1,61.13,61.13,4876488.0,PYPL
460,2017-09-07,61.33,62.13,61.28,62.0,62.0,4962951.0,PYPL
461,2017-09-06,61.74,61.99,60.9,61.24,61.24,5217668.0,PYPL
462,2017-09-05,61.26,61.75,60.58,61.27,61.27,5696603.0,PYPL
463,2017-09-01,61.98,62.23,61.3831,61.46,61.46,3389772.0,PYPL
464,2017-08-31,62.0,62.029,61.17,61.68,61.68,6088973.0,PYPL
465,2017-08-30,61.05,61.86,60.89,61.77,61.77,5613393.0,PYPL
466,2017-08-29,59.82,61.16,59.63,61.01,61.01,4330268.0,PYPL
467,2017-08-28,60.31,60.53,59.81,60.53,60.53,4616049.0,PYPL
468,2017-08-25,60.33,60.58,59.61,59.97,59.97,4006421.0,PYPL
469,2017-08-24,60.22,60.43,59.11,60.0,60.0,3787878.0,PYPL
470,2017-08-23,60.3,60.51,59.82,60.05,60.05,4511679.0,PYPL
471,2017-08-22,59.72,61.0,59.44,60.84,60.84,5782471.0,PYPL
472,2017-08-21,59.33,59.65,58.755,59.4,59.4,4206531.0,PYPL
473,2017-08-18,59.36,59.82,58.94,59.44,59.44,4594653.0,PYPL
474,2017-08-17,60.15,60.28,59.29,59.29,59.29,6537123.0,PYPL
475,2017-08-16,59.95,60.7,59.6,60.29,60.29,5679048.0,PYPL
476,2017-08-15,59.3,59.98,59.23,59.69,59.69,6419599.0,PYPL
477,2017-08-14,58.61,59.2763,58.271,59.06,59.06,7127903.0,PYPL
478,2017-08-11,57.85,58.25,57.58,58.04,58.04,6891359.0,PYPL
479,2017-08-10,59.24,59.37,57.81,58.02,58.02,9341375.0,PYPL
480,2017-08-09,58.97,59.73,58.59,59.67,59.67,5991127.0,PYPL
481,2017-08-08,59.61,59.88,59.25,59.48,59.48,5960460.0,PYPL
482,2017-08-07,59.18,59.64,58.84,59.62,59.62,5875028.0,PYPL
483,2017-08-04,58.62,58.93,58.32,58.86,58.86,6118655.0,PYPL
484,2017-08-03,59.16,59.28,58.36,58.42,58.42,6104372.0,PYPL
485,2017-08-02,59.67,59.71,58.44,59.12,59.12,6486312.0,PYPL
486,2017-08-01,59.0,59.39,58.79,59.34,59.34,8950112.0,PYPL
487,2017-07-31,59.37,59.64,58.52,58.55,58.55,7307044.0,PYPL
488,2017-07-28,59.8,60.71,59.04,59.2,59.2,10684806.0,PYPL
489,2017-07-27,61.0,61.3,57.692,60.15,60.15,22678000.0,PYPL
490,2017-07-26,58.48,58.94,57.9,58.79,58.79,12794748.0,PYPL
491,2017-07-25,58.73,58.83,58.19,58.26,58.26,7859354.0,PYPL
492,2017-07-24,58.9,59.07,58.34,58.58,58.58,6373567.0,PYPL
493,2017-07-21,59.0,59.33,58.59,58.67,58.67,7486133.0,PYPL
494,2017-07-20,58.75,59.38,58.43,59.09,59.09,7990391.0,PYPL
495,2017-07-19,58.31,58.62,57.55,58.35,58.35,9624663.0,PYPL
496,2017-07-18,57.5,58.96,57.31,58.96,58.96,9436755.0,PYPL
497,2017-07-17,57.53,57.6,57.02,57.58,57.58,5604480.0,PYPL
498,2017-07-14,58.14,58.63,56.915,57.16,57.16,11651935.0,PYPL
499,2017-07-13,57.3,57.91,56.8,57.9,57.9,14687917.0,PYPL
500,2017-07-12,56.6,57.445,55.55,56.55,56.55,17345098.0,PYPL
501,2017-07-11,54.92,55.2,54.33,54.76,54.76,8865099.0,PYPL
502,2017-07-10,54.91,55.42,54.7,54.94,54.94,9916785.0,PYPL
503,2017-07-07,53.7,54.48,53.52,53.97,53.97,4805962.0,PYPL
504,2017-07-06,54.22,54.3506,53.15,53.47,53.47,7289275.0,PYPL
505,2017-07-05,53.0,54.75,52.94,54.61,54.61,9638570.0,PYPL
506,2017-07-03,54.14,54.33,52.83,52.87,52.87,4831590.0,PYPL
507,2017-06-30,53.6,54.25,53.29,53.67,53.67,7611077.0,PYPL
508,2017-06-29,53.81,54.1,52.52,53.42,53.42,11162726.0,PYPL
509,2017-06-28,52.75,54.44,52.65,54.39,54.39,7894816.0,PYPL
510,2017-06-27,53.6,53.79,52.64,52.73,52.73,7680978.0,PYPL
511,2017-06-26,54.44,55.1,53.65,53.74,53.74,4728731.0,PYPL
512,2017-06-23,53.82,54.53,53.69,54.33,54.33,5954697.0,PYPL
513,2017-06-22,53.71,53.951,52.86,53.87,53.87,9631525.0,PYPL
514,2017-06-21,52.99,53.58,52.61,53.54,53.54,7992648.0,PYPL
515,2017-06-20,52.84,53.23,52.43,52.52,52.52,4522851.0,PYPL
516,2017-06-19,52.28,53.0,52.11,52.93,52.93,5276661.0,PYPL
517,2017-06-16,52.04,52.16,51.58,51.84,51.84,10792581.0,PYPL
518,2017-06-15,51.44,52.38,50.83,52.29,52.29,9945649.0,PYPL
519,2017-06-14,52.0,52.505,51.535,51.9,51.9,7114891.0,PYPL
520,2017-06-13,52.29,52.485,51.7,52.06,52.06,10119801.0,PYPL
521,2017-06-12,52.81,52.9,51.43,52.16,52.16,15724406.0,PYPL
522,2017-06-09,54.65,55.14,52.85,53.4,53.4,10524856.0,PYPL
523,2017-06-08,54.03,54.43,53.45,54.39,54.39,6251592.0,PYPL
524,2017-06-07,53.3,53.94,53.26,53.85,53.85,6282623.0,PYPL
525,2017-06-06,53.75,53.8,53.16,53.4,53.4,6212080.0,PYPL
526,2017-06-05,53.77,54.07,53.59,53.8,53.8,9119908.0,PYPL
527,2017-06-02,53.44,53.64,53.08,53.52,53.52,9019731.0,PYPL
528,2017-06-01,52.48,53.39,52.475,53.16,53.16,13878328.0,PYPL
529,2017-05-31,51.13,52.24,50.88,52.21,52.21,10505202.0,PYPL
530,2017-05-30,50.96,51.28,50.86,51.06,51.06,5284417.0,PYPL
531,2017-05-26,51.04,51.39,50.89,51.19,51.19,4739379.0,PYPL
532,2017-05-25,50.77,51.13,50.64,50.93,50.93,4919674.0,PYPL
533,2017-05-24,50.23,51.08,50.14,51.05,51.05,6262833.0,PYPL
534,2017-05-23,49.9,50.18,49.77,50.13,50.13,6638684.0,PYPL
535,2017-05-22,49.45,49.88,49.35,49.77,49.77,13045505.0,PYPL
536,2017-05-19,49.15,49.71,49.06,49.39,49.39,7744600.0,PYPL
537,2017-05-18,49.03,49.58,48.89,49.11,49.11,9880834.0,PYPL
538,2017-05-17,49.87,50.1,49.025,49.05,49.05,6523715.0,PYPL
539,2017-05-16,49.63,50.35,49.57,50.34,50.34,5334049.0,PYPL
540,2017-05-15,49.31,50.0,49.25,49.77,49.77,4646201.0,PYPL
541,2017-05-12,49.58,49.75,49.24,49.37,49.37,4894021.0,PYPL
542,2017-05-11,49.63,49.71,49.11,49.7,49.7,5497555.0,PYPL
543,2017-05-10,49.18,49.8,49.015,49.79,49.79,6487342.0,PYPL
544,2017-05-09,49.06,49.37,48.9,49.22,49.22,4758885.0,PYPL
545,2017-05-08,49.43,49.45,48.81,49.17,49.17,6599168.0,PYPL
546,2017-05-05,48.62,49.44,48.4,49.3,49.3,4859027.0,PYPL
547,2017-05-04,48.93,49.38,48.82,48.91,48.91,7132621.0,PYPL
548,2017-05-03,49.16,49.29,48.625,49.02,49.02,11478632.0,PYPL
549,2017-05-02,47.41,49.07,47.4,49.05,49.05,16676632.0,PYPL
550,2017-05-01,47.39,47.713,47.32,47.54,47.54,14417853.0,PYPL
551,2017-04-28,47.03,47.755,46.87,47.72,47.72,11604224.0,PYPL
552,2017-04-27,47.25,48.1,46.75,47.15,47.15,34365577.0,PYPL
553,2017-04-26,45.04,45.04,44.25,44.41,44.41,8655571.0,PYPL
554,2017-04-25,44.49,45.01,44.35,44.71,44.71,7788588.0,PYPL
555,2017-04-24,44.09,44.28,43.95,44.27,44.27,4642797.0,PYPL
556,2017-04-21,43.86,44.0,43.6,43.81,43.81,8015796.0,PYPL
557,2017-04-20,43.32,43.8,43.26,43.69,43.69,4811155.0,PYPL
558,2017-04-19,43.03,43.47,42.9,43.3,43.3,4913855.0,PYPL
559,2017-04-18,43.2,43.2,42.86,43.09,43.09,3711648.0,PYPL
560,2017-04-17,42.6,43.14,42.6,43.1,43.1,3151602.0,PYPL
561,2017-04-13,42.5,42.89,42.32,42.55,42.55,3631442.0,PYPL
562,2017-04-12,42.1,42.81,42.06,42.49,42.49,5800144.0,PYPL
563,2017-04-11,42.99,43.09,42.61,42.69,42.69,4856260.0,PYPL
564,2017-04-10,43.07,43.55,43.01,43.05,43.05,4579501.0,PYPL
565,2017-04-07,42.89,43.175,42.71,43.04,43.04,4861189.0,PYPL
566,2017-04-06,42.9,43.0,42.72,42.9,42.9,5395420.0,PYPL
567,2017-04-05,42.83,43.343,42.74,42.89,42.89,5292287.0,PYPL
568,2017-04-04,42.74,42.74,42.26,42.72,42.72,4681835.0,PYPL
569,2017-04-03,43.2,43.3,42.51,42.63,42.63,7772986.0,PYPL
570,2017-03-31,43.44,43.48,43.01,43.02,43.02,5177925.0,PYPL
571,2017-03-30,43.15,43.8,43.0,43.54,43.54,5691682.0,PYPL
572,2017-03-29,43.15,43.3,42.96,43.24,43.24,3951121.0,PYPL
573,2017-03-28,42.87,43.25,42.84,43.15,43.15,4396544.0,PYPL
574,2017-03-27,42.69,43.2,42.58,43.08,43.08,3850321.0,PYPL
575,2017-03-24,43.48,43.495,42.935,43.13,43.13,5739538.0,PYPL
576,2017-03-23,43.13,43.61,43.0,43.14,43.14,7176360.0,PYPL
577,2017-03-22,42.595,43.24,42.45,43.19,43.19,6513341.0,PYPL
578,2017-03-21,43.33,43.4,42.46,42.64,42.64,7838436.0,PYPL
579,2017-03-20,43.1,43.32,42.81,43.16,43.16,6686901.0,PYPL
580,2017-03-17,42.57,43.3,42.37,43.08,43.08,12309652.0,PYPL
581,2017-03-16,42.5,42.58,42.14,42.4,42.4,3998562.0,PYPL
582,2017-03-15,42.29,42.57,41.89,42.39,42.39,4291806.0,PYPL
583,2017-03-14,42.51,42.64,41.74,42.1,42.1,5888061.0,PYPL
584,2017-03-13,42.87,42.965,42.45,42.59,42.59,5527468.0,PYPL
585,2017-03-10,43.19,43.28,42.76,42.99,42.99,4636199.0,PYPL
586,2017-03-09,42.66,43.0,42.45,42.92,42.92,3487918.0,PYPL
587,2017-03-08,42.84,43.18,42.72,42.79,42.79,4573934.0,PYPL
588,2017-03-07,42.8,43.2,42.71,42.89,42.89,4404707.0,PYPL
589,2017-03-06,42.98,43.03,42.63,42.87,42.87,6032844.0,PYPL
590,2017-03-03,42.7,43.04,42.58,43.03,43.03,4214435.0,PYPL
591,2017-03-02,42.4,42.86,42.2,42.77,42.77,4572587.0,PYPL
592,2017-03-01,42.31,42.52,41.99,42.43,42.43,6003750.0,PYPL
593,2017-02-28,42.49,42.49,41.99,42.0,42.0,6956821.0,PYPL
594,2017-02-27,42.89,42.89,42.35,42.64,42.64,5026742.0,PYPL
595,2017-02-24,42.11,43.07,41.83,43.07,43.07,6769528.0,PYPL
596,2017-02-23,42.37,42.67,42.16,42.53,42.53,5456296.0,PYPL
597,2017-02-22,42.3,42.53,42.12,42.42,42.42,4316768.0,PYPL
598,2017-02-21,41.93,42.56,41.9,42.43,42.43,5874724.0,PYPL
599,2017-02-17,41.92,42.3,41.8,41.96,41.96,5106063.0,PYPL
600,2017-02-16,41.87,42.31,41.7,42.15,42.15,5730802.0,PYPL
601,2017-02-15,41.69,41.93,41.27,41.87,41.87,7124617.0,PYPL
602,2017-02-14,41.18,41.63,40.94,41.62,41.62,6496404.0,PYPL
603,2017-02-13,40.83,41.3,40.74,41.17,41.17,6260907.0,PYPL
604,2017-02-10,40.82,40.86,40.56,40.58,40.58,6248231.0,PYPL
605,2017-02-09,40.44,40.995,40.3,40.83,40.83,6467576.0,PYPL
606,2017-02-08,40.18,40.99,39.92,40.88,40.88,7398987.0,PYPL
607,2017-02-07,40.01,40.34,39.7,40.02,40.02,7956319.0,PYPL
608,2017-02-06,39.64,39.83,39.34,39.74,39.74,8206410.0,PYPL
609,2017-02-03,39.79,39.93,39.55,39.59,39.59,7131059.0,PYPL
610,2017-02-02,39.4,39.84,39.02,39.58,39.58,8736786.0,PYPL
611,2017-02-01,39.96,40.0,39.11,39.31,39.31,8860416.0,PYPL
612,2017-01-31,39.7,40.01,39.45,39.78,39.78,9100057.0,PYPL
613,2017-01-30,40.17,40.27,39.42,39.86,39.86,11486023.0,PYPL
614,2017-01-27,41.0,41.2,39.92,40.27,40.27,22749197.0,PYPL
615,2017-01-26,42.36,42.5,41.285,41.5,41.5,11838127.0,PYPL
616,2017-01-25,42.36,42.44,41.66,41.71,41.71,9253596.0,PYPL
617,2017-01-24,41.95,42.04,41.53,41.96,41.96,6107190.0,PYPL
618,2017-01-23,41.86,42.11,41.25,41.62,41.62,8497050.0,PYPL
619,2017-01-20,41.39,41.72,41.3,41.69,41.69,6868514.0,PYPL
620,2017-01-19,41.25,41.68,41.03,41.27,41.27,4718177.0,PYPL
621,2017-01-18,41.41,41.49,41.11,41.35,41.35,4706020.0,PYPL
622,2017-01-17,41.6,41.71,41.2,41.27,41.27,5932904.0,PYPL
623,2017-01-13,41.65,41.84,41.53,41.6,41.6,3917699.0,PYPL
624,2017-01-12,41.28,41.6052,40.92,41.56,41.56,3840529.0,PYPL
625,2017-01-11,41.23,41.38,40.835,41.28,41.28,4425295.0,PYPL
626,2017-01-10,41.4,41.55,41.07,41.08,41.08,4174906.0,PYPL
627,2017-01-09,41.49,41.51,41.11,41.4,41.4,3943868.0,PYPL
628,2017-01-06,41.24,41.64,40.79,41.45,41.45,5586404.0,PYPL
629,2017-01-05,41.43,41.72,41.0399,41.06,41.06,6431957.0,PYPL
630,2017-01-04,40.35,41.03,40.045,41.0,41.0,6806386.0,PYPL
631,2017-01-03,40.29,40.98,40.0,40.25,40.25,8247354.0,PYPL
632,2016-12-30,39.96,40.07,39.34,39.47,39.47,5012053.0,PYPL
633,2016-12-29,39.54,40.17,39.54,39.96,39.96,3707957.0,PYPL
634,2016-12-28,39.76,40.03,39.53,39.57,39.57,3292367.0,PYPL
635,2016-12-27,39.5,40.08,39.43,39.72,39.72,2660152.0,PYPL
636,2016-12-23,39.82,39.87,39.48,39.58,39.58,3379149.0,PYPL
637,2016-12-22,40.04,40.09,39.54,39.68,39.68,5064974.0,PYPL
638,2016-12-21,39.84,40.74,39.82,40.09,40.09,6768561.0,PYPL
639,2016-12-20,39.61,39.74,39.26,39.74,39.74,3637161.0,PYPL
640,2016-12-19,39.4,39.8,39.11,39.44,39.44,4268583.0,PYPL
641,2016-12-16,39.9,39.9,39.12,39.32,39.32,9786253.0,PYPL
642,2016-12-15,39.8,40.29,39.35,39.54,39.54,6418929.0,PYPL
643,2016-12-14,39.46,39.89,39.46,39.55,39.55,4658726.0,PYPL
644,2016-12-13,39.55,39.745,39.39,39.43,39.43,6385892.0,PYPL
645,2016-12-12,39.6,39.9,39.35,39.43,39.43,4474526.0,PYPL
646,2016-12-09,39.7,39.79,39.375,39.65,39.65,3923741.0,PYPL
647,2016-12-08,39.68,40.0,39.45,39.61,39.61,6102590.0,PYPL
648,2016-12-07,39.08,39.46,38.8,39.45,39.45,7012032.0,PYPL
649,2016-12-06,39.23,39.26,38.71,38.98,38.98,5954455.0,PYPL
650,2016-12-05,38.85,39.34,38.65,38.99,38.99,5053862.0,PYPL
651,2016-12-02,38.34,38.75,38.06,38.62,38.62,6335151.0,PYPL
652,2016-12-01,39.56,39.68,38.18,38.34,38.34,11265567.0,PYPL
653,2016-11-30,40.1,40.18,39.18,39.28,39.28,8420727.0,PYPL
654,2016-11-29,40.07,40.36,39.79,39.89,39.89,5083663.0,PYPL
655,2016-11-28,40.26,40.49,39.925,39.96,39.96,4170587.0,PYPL
656,2016-11-25,40.4,40.56,39.99,40.26,40.26,2324478.0,PYPL
657,2016-11-23,40.31,40.43,39.85,40.05,40.05,5770587.0,PYPL
658,2016-11-22,40.99,41.1,39.95,40.33,40.33,7734699.0,PYPL
659,2016-11-21,40.12,40.77,40.1155,40.63,40.63,6667226.0,PYPL
660,2016-11-18,40.08,40.57,39.91,40.08,40.08,9521525.0,PYPL
661,2016-11-17,39.12,40.055,38.95,39.88,39.88,9758539.0,PYPL
662,2016-11-16,39.05,39.21,38.71,39.07,39.07,12730896.0,PYPL
663,2016-11-15,39.04,39.48,38.9,38.94,38.94,16038229.0,PYPL
664,2016-11-14,40.4,40.4,38.45,38.81,38.81,17877790.0,PYPL
665,2016-11-11,40.77,40.77,39.8,40.08,40.08,10776524.0,PYPL
666,2016-11-10,41.9,41.9,39.58,40.45,40.45,12097577.0,PYPL
667,2016-11-09,40.6,41.47,40.58,41.26,41.26,9744400.0,PYPL
668,2016-11-08,41.42,42.15,41.09,41.58,41.58,6968107.0,PYPL
669,2016-11-07,41.52,41.65,41.06,41.28,41.28,7904865.0,PYPL
670,2016-11-04,40.3,41.485,40.3,40.9,40.9,6541343.0,PYPL
671,2016-11-03,41.32,41.5,40.92,41.19,41.19,6239903.0,PYPL
672,2016-11-02,41.43,41.57,41.08,41.35,41.35,7947621.0,PYPL
673,2016-11-01,41.68,42.295,41.29,41.54,41.54,9398950.0,PYPL
674,2016-10-31,41.78,42.0,41.36,41.66,41.66,7159986.0,PYPL
675,2016-10-28,41.98,41.98,41.07,41.76,41.76,11979238.0,PYPL
676,2016-10-27,42.55,42.57,41.621,41.69,41.69,9447256.0,PYPL
677,2016-10-26,43.0,43.21,42.31,42.33,42.33,10918791.0,PYPL
678,2016-10-25,43.66,44.07,43.0,43.31,43.31,9463932.0,PYPL
679,2016-10-24,44.0,44.52,43.14,43.87,43.87,19079031.0,PYPL
680,2016-10-21,41.85,44.24,41.84,44.15,44.15,37554668.0,PYPL
681,2016-10-20,40.23,40.29,39.82,40.09,40.09,13337494.0,PYPL
682,2016-10-19,39.97,40.47,39.84,40.24,40.24,6587733.0,PYPL
683,2016-10-18,40.0,40.18,39.78,39.83,39.83,5475850.0,PYPL
684,2016-10-17,39.24,39.62,39.16,39.48,39.48,5279515.0,PYPL
685,2016-10-14,39.46,39.89,39.23,39.24,39.24,6647595.0,PYPL
686,2016-10-13,39.39,39.4,38.75,39.2,39.2,7865587.0,PYPL
687,2016-10-12,39.77,39.8,39.3,39.53,39.53,7039942.0,PYPL
688,2016-10-11,40.03,40.11,38.96,39.19,39.19,9955667.0,PYPL
689,2016-10-10,40.13,40.17,39.59,39.86,39.86,6636680.0,PYPL
690,2016-10-07,40.42,40.42,39.62,39.88,39.88,6109946.0,PYPL
691,2016-10-06,40.32,40.39,39.86,40.18,40.18,6312037.0,PYPL
692,2016-10-05,40.95,40.95,40.4,40.44,40.44,6128205.0,PYPL
693,2016-10-04,41.3,41.3,40.44,40.78,40.78,5046632.0,PYPL
694,2016-10-03,40.87,41.2,40.16,40.59,40.59,6924977.0,PYPL
695,2016-09-30,40.29,41.05,40.27,40.97,40.97,8685607.0,PYPL
696,2016-09-29,40.91,41.3,40.36,40.39,40.39,7953014.0,PYPL
697,2016-09-28,41.15,41.19,40.21,40.97,40.97,6751179.0,PYPL
698,2016-09-27,40.04,41.23,39.49,41.06,41.06,8674079.0,PYPL
699,2016-09-26,39.38,40.51,39.38,40.34,40.34,9054362.0,PYPL
700,2016-09-23,39.6,40.495,39.6,40.07,40.07,6234613.0,PYPL
701,2016-09-22,40.42,40.66,40.14,40.49,40.49,5691048.0,PYPL
702,2016-09-21,39.86,40.39,39.7,40.29,40.29,5378400.0,PYPL
703,2016-09-20,40.3,40.3,39.67,39.69,39.69,5563314.0,PYPL
704,2016-09-19,40.24,40.46,39.75,40.01,40.01,7574483.0,PYPL
705,2016-09-16,40.71,40.88,40.3248,40.7,40.7,11909449.0,PYPL
706,2016-09-15,40.31,41.14,39.8699,40.83,40.83,12720951.0,PYPL
707,2016-09-14,39.99,40.28,39.53,39.96,39.96,13062293.0,PYPL
708,2016-09-13,38.62,40.33,38.41,39.86,39.86,17924853.0,PYPL
709,2016-09-12,37.65,38.84,37.5401,38.77,38.77,8635027.0,PYPL
710,2016-09-09,38.75,39.02,37.91,38.01,38.01,10747079.0,PYPL
711,2016-09-08,38.65,39.33,38.5007,39.27,39.27,12037292.0,PYPL
712,2016-09-07,37.33,38.58,37.26,38.56,38.56,10817701.0,PYPL
713,2016-09-06,37.05,37.65,37.02,37.18,37.18,6416930.0,PYPL
714,2016-09-02,37.01,37.125,36.3,37.07,37.07,6726906.0,PYPL
715,2016-09-01,37.27,37.32,36.58,36.83,36.83,10412233.0,PYPL
716,2016-08-31,37.0,37.24,36.84,37.15,37.15,7166276.0,PYPL
717,2016-08-30,37.26,37.52,36.985,37.0,37.0,6873648.0,PYPL
718,2016-08-29,37.61,37.65,37.27,37.29,37.29,4780712.0,PYPL
719,2016-08-26,37.72,37.84,37.38,37.65,37.65,4177726.0,PYPL
720,2016-08-25,37.5,37.57,37.25,37.51,37.51,5132089.0,PYPL
721,2016-08-24,37.81,37.95,37.41,37.52,37.52,5914176.0,PYPL
722,2016-08-23,38.42,38.43,37.8,37.86,37.86,6066416.0,PYPL
723,2016-08-22,37.93,38.2,37.66,38.11,38.11,10704362.0,PYPL
724,2016-08-19,38.02,38.18,37.895,38.09,38.09,5107878.0,PYPL
725,2016-08-18,38.07,38.375,37.93,38.22,38.22,3881084.0,PYPL
726,2016-08-17,38.41,38.46,37.88,38.14,38.14,5263987.0,PYPL
727,2016-08-16,38.4,38.53,38.15,38.38,38.38,6170765.0,PYPL
728,2016-08-15,38.55,38.65,38.34,38.46,38.46,4548206.0,PYPL
729,2016-08-12,38.3,38.63,38.1,38.51,38.51,6527984.0,PYPL
730,2016-08-11,38.19,38.49,38.1,38.46,38.46,5999407.0,PYPL
731,2016-08-10,38.02,38.245,37.91,38.07,38.07,5546799.0,PYPL
732,2016-08-09,38.03,38.14,37.88,38.1,38.1,5049127.0,PYPL
733,2016-08-08,38.19,38.3,37.65,37.91,37.91,6101319.0,PYPL
734,2016-08-05,37.55,38.15,37.55,38.1,38.1,7670438.0,PYPL
735,2016-08-04,36.82,37.39,36.73,37.3,37.3,7507761.0,PYPL
736,2016-08-03,36.59,36.74,36.28,36.58,36.58,7663836.0,PYPL
737,2016-08-02,37.06,37.0852,36.36,36.54,36.54,5997704.0,PYPL
738,2016-08-01,37.43,37.44,36.9,37.06,37.06,5473949.0,PYPL
739,2016-07-29,37.41,37.48,36.86,37.24,37.24,6850060.0,PYPL
740,2016-07-28,37.4,37.68,37.101,37.22,37.22,5111331.0,PYPL
741,2016-07-27,37.64,37.69,37.045,37.22,37.22,8894242.0,PYPL
742,2016-07-26,37.78,38.27,37.6,37.69,37.69,10279223.0,PYPL
743,2016-07-25,37.7,38.18,37.62,37.78,37.78,16904133.0,PYPL
744,2016-07-22,37.3,37.59,36.43,37.42,37.42,36397318.0,PYPL
745,2016-07-21,40.33,40.33,39.65,40.13,40.13,13363317.0,PYPL
746,2016-07-20,39.44,40.45,39.12,40.05,40.05,11189094.0,PYPL
747,2016-07-19,38.97,39.465,38.83,39.37,39.37,8120130.0,PYPL
748,2016-07-18,39.13,39.22,38.73,38.92,38.92,7877439.0,PYPL
749,2016-07-15,40.02,40.07,38.98,39.09,39.09,8140573.0,PYPL
750,2016-07-14,39.69,40.07,39.4,39.96,39.96,9683504.0,PYPL
751,2016-07-13,38.84,39.99,38.83,39.28,39.28,12458481.0,PYPL
752,2016-07-12,38.47,38.91,38.24,38.79,38.79,10006323.0,PYPL
753,2016-07-11,37.45,38.33,37.4,38.15,38.15,10096189.0,PYPL
754,2016-07-08,36.78,37.46,36.66,37.36,37.36,6828882.0,PYPL
755,2016-07-07,35.92,36.39,35.84,36.32,36.32,7326735.0,PYPL
756,2016-07-06,35.94,36.17,35.715,35.93,35.93,7821280.0,PYPL
757,2016-07-05,36.3,36.36,35.87,36.12,36.12,5321119.0,PYPL
758,2016-07-01,36.6,36.67,36.25,36.35,36.35,7260381.0,PYPL
759,2016-06-30,35.81,36.53,35.59,36.51,36.51,9152990.0,PYPL
760,2016-06-29,35.69,35.905,35.29,35.77,35.77,9520385.0,PYPL
761,2016-06-28,34.46,35.25,34.23,35.24,35.24,12408155.0,PYPL
762,2016-06-27,34.74,34.76,34.0,34.2,34.2,11219538.0,PYPL
763,2016-06-24,35.0,35.725,34.61,35.08,35.08,17647191.0,PYPL
764,2016-06-23,36.27,36.665,36.05,36.66,36.66,4808720.0,PYPL
765,2016-06-22,36.28,36.4928,35.78,36.0,36.0,9292358.0,PYPL
766,2016-06-21,36.8,36.8,35.95,36.16,36.16,12816091.0,PYPL
767,2016-06-20,37.28,37.76,36.82,36.86,36.86,7789608.0,PYPL
768,2016-06-17,37.03,37.18,36.63,36.97,36.97,7947873.0,PYPL
769,2016-06-16,36.62,37.04,36.35,36.97,36.97,6106029.0,PYPL
770,2016-06-15,37.16,37.2198,36.785,36.84,36.84,7092048.0,PYPL
771,2016-06-14,36.37,37.275,36.25,37.16,37.16,10281933.0,PYPL
772,2016-06-13,36.5,37.11,36.495,36.54,36.54,8215970.0,PYPL
773,2016-06-10,36.83,37.05,36.62,36.77,36.77,7741351.0,PYPL
774,2016-06-09,37.48,37.57,37.11,37.13,37.13,10206706.0,PYPL
775,2016-06-08,37.53,37.7,37.06,37.55,37.55,8667370.0,PYPL
776,2016-06-07,38.07,38.48,37.52,37.57,37.57,6324422.0,PYPL
777,2016-06-06,38.47,38.49,37.98,38.1,38.1,5065932.0,PYPL
778,2016-06-03,38.44,38.59,37.8125,38.33,38.33,4986042.0,PYPL
779,2016-06-02,38.42,38.685,38.32,38.56,38.56,4659221.0,PYPL
780,2016-06-01,37.81,38.479,37.71,38.31,38.31,5458457.0,PYPL
781,2016-05-31,37.96,38.03,37.5,37.79,37.79,12231362.0,PYPL
782,2016-05-27,38.0,38.345,37.92,38.09,38.09,5863610.0,PYPL
783,2016-05-26,38.71,38.74,38.0,38.07,38.07,5894744.0,PYPL
784,2016-05-25,38.87,39.06,38.51,38.76,38.76,6561151.0,PYPL
785,2016-05-24,38.28,39.005,38.28,38.92,38.92,7555190.0,PYPL
786,2016-05-23,37.68,38.23,37.39,38.07,38.07,9083796.0,PYPL
787,2016-05-20,37.79,37.95,37.49,37.53,37.53,12497204.0,PYPL
788,2016-05-19,38.81,38.88,37.31,37.65,37.65,17041329.0,PYPL
789,2016-05-18,39.18,39.36,38.5,38.98,38.98,10393509.0,PYPL
790,2016-05-17,39.1,39.66,38.75,39.065,39.065,10746107.0,PYPL
791,2016-05-16,39.36,39.53,39.13,39.3,39.3,10316036.0,PYPL
792,2016-05-13,39.54,39.8,39.31,39.48,39.48,5885930.0,PYPL
793,2016-05-12,39.85,40.0,39.17,39.51,39.51,6323088.0,PYPL
794,2016-05-11,39.57,40.3143,39.57,39.71,39.71,5995494.0,PYPL
795,2016-05-10,39.62,40.15,39.24,40.11,40.11,6589127.0,PYPL
796,2016-05-09,39.42,40.18,39.33,39.62,39.62,5860985.0,PYPL
797,2016-05-06,38.71,39.7,38.61,39.48,39.48,6566908.0,PYPL
798,2016-05-05,38.38,39.119,38.32,38.95,38.95,7127183.0,PYPL
799,2016-05-04,38.07,38.46,37.87,38.31,38.31,8121646.0,PYPL
800,2016-05-03,38.63,38.97,38.14,38.36,38.36,9146618.0,PYPL
801,2016-05-02,39.07,39.27,38.73,39.02,39.02,6777514.0,PYPL
802,2016-04-29,39.71,39.87,38.59,39.18,39.18,10001401.0,PYPL
803,2016-04-28,41.0,41.49,39.91,40.07,40.07,17799975.0,PYPL
804,2016-04-27,39.68,40.18,39.2,40.01,40.01,12727635.0,PYPL
805,2016-04-26,39.57,40.13,39.33,39.73,39.73,5271169.0,PYPL
806,2016-04-25,40.27,40.84,39.54,39.82,39.82,7934207.0,PYPL
807,2016-04-22,39.72,40.635,39.68,40.31,40.31,6433904.0,PYPL
808,2016-04-21,40.2,40.55,40.0138,40.1,40.1,5539350.0,PYPL
809,2016-04-20,39.24,40.24,39.17,40.08,40.08,7723520.0,PYPL
810,2016-04-19,39.75,40.07,38.975,39.24,39.24,5915827.0,PYPL
811,2016-04-18,38.56,39.69,38.43,39.64,39.64,6433030.0,PYPL
812,2016-04-15,38.69,38.95,38.29,38.58,38.58,5239576.0,PYPL
813,2016-04-14,38.94,39.02,38.415,38.64,38.64,4590156.0,PYPL
814,2016-04-13,38.25,39.12,38.19,38.79,38.79,7082364.0,PYPL
815,2016-04-12,38.32,38.32,37.34,37.8,37.8,7677829.0,PYPL
816,2016-04-11,38.33,38.82,38.03,38.06,38.06,5428928.0,PYPL
817,2016-04-08,38.61,38.6989,38.1,38.41,38.41,7822305.0,PYPL
818,2016-04-07,38.85,38.94,38.12,38.28,38.28,7294453.0,PYPL
819,2016-04-06,38.45,39.185,38.25,39.16,39.16,5526193.0,PYPL
820,2016-04-05,38.35,38.81,37.7,38.55,38.55,5364753.0,PYPL
821,2016-04-04,39.36,39.38,38.41,38.79,38.79,5381340.0,PYPL
822,2016-04-01,38.51,39.46,38.4,39.4,39.4,6982014.0,PYPL
823,2016-03-31,38.74,39.0,38.43,38.6,38.6,8086983.0,PYPL
824,2016-03-30,39.94,40.0399,38.995,39.04,39.04,5246797.0,PYPL
825,2016-03-29,38.74,39.715,38.3,39.53,39.53,5694000.0,PYPL
826,2016-03-28,38.81,39.17,38.62,38.74,38.74,6192899.0,PYPL
827,2016-03-24,39.4,39.51,37.0,38.92,38.92,15040554.0,PYPL
828,2016-03-23,41.06,41.31,40.04,40.52,40.52,8104680.0,PYPL
829,2016-03-22,40.67,41.75,40.63,41.32,41.32,10552302.0,PYPL
830,2016-03-21,39.41,41.17,39.2,41.14,41.14,13432446.0,PYPL
831,2016-03-18,39.86,39.86,38.69,39.41,39.41,15132391.0,PYPL
832,2016-03-17,39.85,40.12,39.17,39.93,39.93,9789562.0,PYPL
833,2016-03-16,39.09,39.89,38.57,39.84,39.84,6363503.0,PYPL
834,2016-03-15,39.05,39.64,39.05,39.27,39.27,5013862.0,PYPL
835,2016-03-14,39.4,39.8,39.04,39.38,39.38,5299665.0,PYPL
836,2016-03-11,39.0,39.53,38.85,39.49,39.49,9539513.0,PYPL
837,2016-03-10,38.66,39.3,37.48,38.49,38.49,7655723.0,PYPL
838,2016-03-09,38.48,38.62,37.82,38.57,38.57,4990510.0,PYPL
839,2016-03-08,38.69,38.88,38.11,38.16,38.16,5940909.0,PYPL
840,2016-03-07,38.78,39.4,38.7202,38.98,38.98,5340266.0,PYPL
841,2016-03-04,38.77,39.7,38.755,39.04,39.04,7200095.0,PYPL
842,2016-03-03,38.96,39.24,38.629,39.02,39.02,7656878.0,PYPL
843,2016-03-02,39.2,39.93,38.7,39.16,39.16,12895941.0,PYPL
844,2016-03-01,38.52,39.545,38.02,39.25,39.25,14085282.0,PYPL
845,2016-02-29,37.47,38.93,37.45,38.14,38.14,23939899.0,PYPL
846,2016-02-26,36.73,37.535,36.37,37.49,37.49,8594979.0,PYPL
847,2016-02-25,36.67,36.83,36.18,36.74,36.74,5209549.0,PYPL
848,2016-02-24,35.22,36.75,34.86,36.47,36.47,8091152.0,PYPL
849,2016-02-23,35.72,35.935,35.02,35.48,35.48,8415202.0,PYPL
850,2016-02-22,36.45,36.5,35.82,36.0,36.0,10476243.0,PYPL
851,2016-02-19,36.0,36.235,35.61,35.76,35.76,9652780.0,PYPL
852,2016-02-18,36.41,36.53,35.66,36.31,36.31,9022079.0,PYPL
853,2016-02-17,35.98,36.91,35.81,36.36,36.36,12070600.0,PYPL
854,2016-02-16,34.65,35.52,34.48,35.46,35.46,9152381.0,PYPL
855,2016-02-12,33.97,34.44,33.81,34.3,34.3,9437119.0,PYPL
856,2016-02-11,32.12,33.64,32.01,33.52,33.52,13170076.0,PYPL
857,2016-02-10,33.62,33.94,32.82,32.9,32.9,8636453.0,PYPL
858,2016-02-09,32.8,33.858,31.64,32.7,32.7,16439154.0,PYPL
859,2016-02-08,34.0,34.29,31.98,33.61,33.61,20628966.0,PYPL
860,2016-02-05,37.16,37.16,34.82,35.07,35.07,16245837.0,PYPL
861,2016-02-04,36.66,37.285,36.54,37.17,37.17,10212258.0,PYPL
862,2016-02-03,36.87,37.55,36.07,37.01,37.01,14543103.0,PYPL
863,2016-02-02,36.53,37.77,36.44,36.83,36.83,17310567.0,PYPL
864,2016-02-01,35.65,37.32,35.59,37.08,37.08,17356043.0,PYPL
865,2016-01-29,34.49,36.26,34.36,36.14,36.14,21201081.0,PYPL
866,2016-01-28,33.63,34.75,33.35,34.24,34.24,20378569.0,PYPL
867,2016-01-27,31.96,32.63,31.38,31.59,31.59,12711682.0,PYPL
868,2016-01-26,31.49,31.98,31.39,31.97,31.97,8616958.0,PYPL
869,2016-01-25,31.98,31.98,31.35,31.47,31.47,7591779.0,PYPL
870,2016-01-22,31.65,31.97,31.54,31.69,31.69,9443981.0,PYPL
871,2016-01-21,31.61,31.74,30.9,31.2,31.2,9978942.0,PYPL
872,2016-01-20,31.43,31.7,30.52,31.2,31.2,13170588.0,PYPL
873,2016-01-19,32.76,33.18,31.93,32.2,32.2,6674703.0,PYPL
874,2016-01-15,31.62,32.54,31.62,32.31,32.31,12174356.0,PYPL
875,2016-01-14,32.15,33.04,31.705,32.87,32.87,7749477.0,PYPL
876,2016-01-13,33.28,33.57,31.97,32.12,32.12,8069449.0,PYPL
877,2016-01-12,33.35,33.57,32.66,33.08,33.08,7853995.0,PYPL
878,2016-01-11,33.02,33.43,32.47,33.04,33.04,8937358.0,PYPL
879,2016-01-08,33.46,33.88,32.63,32.69,32.69,7848846.0,PYPL
880,2016-01-07,33.15,34.161,33.02,33.13,33.13,11041083.0,PYPL
881,2016-01-06,33.7,34.01,33.21,33.98,33.98,8441271.0,PYPL
882,2016-01-05,34.98,34.98,33.86,34.31,34.31,11227717.0,PYPL
883,2016-01-04,35.13,35.56,34.28,34.75,34.75,12287716.0,PYPL
884,2015-12-31,36.3,36.5,36.0508,36.2,36.2,4481936.0,PYPL
885,2015-12-30,37.07,37.25,36.46,36.48,36.48,4106713.0,PYPL
886,2015-12-29,36.92,37.45,36.75,37.08,37.08,3436624.0,PYPL
887,2015-12-28,36.7,37.0,36.25,36.61,36.61,4930147.0,PYPL
888,2015-12-24,37.01,37.23,36.82,37.07,37.07,2133437.0,PYPL
889,2015-12-23,36.79,37.68,36.77,37.11,37.11,7579531.0,PYPL
890,2015-12-22,36.12,36.89,35.78,36.805,36.805,6030899.0,PYPL
891,2015-12-21,35.21,36.15,35.11,36.08,36.08,5856044.0,PYPL
892,2015-12-18,35.35,35.76,34.73,34.98,34.98,13745948.0,PYPL
893,2015-12-17,36.0,36.58,35.51,35.54,35.54,6454069.0,PYPL
894,2015-12-16,36.12,36.25,35.19,35.98,35.98,7076271.0,PYPL
895,2015-12-15,35.19,36.51,35.18,36.32,36.32,11709851.0,PYPL
896,2015-12-14,34.61,35.2226,34.33,35.01,35.01,5803074.0,PYPL
897,2015-12-11,35.15,35.3263,34.42,34.69,34.69,8309205.0,PYPL
898,2015-12-10,35.16,35.91,35.16,35.49,35.49,6949734.0,PYPL
899,2015-12-09,35.39,35.6,34.83,35.07,35.07,7381669.0,PYPL
900,2015-12-08,34.63,35.7,34.52,35.6,35.6,7420819.0,PYPL
901,2015-12-07,35.71,35.8,34.85,35.16,35.16,4917953.0,PYPL
902,2015-12-04,34.38,35.82,34.22,35.62,35.62,10664349.0,PYPL
903,2015-12-03,35.2,35.23,33.8501,34.23,34.23,7311905.0,PYPL
904,2015-12-02,35.23,36.17,34.9301,35.15,35.15,5762384.0,PYPL
905,2015-12-01,35.41,35.41,33.85,35.17,35.17,14893927.0,PYPL
906,2015-11-30,35.36,35.44,34.69,35.26,35.26,9357310.0,PYPL
907,2015-11-27,35.52,35.7,35.06,35.18,35.18,2550193.0,PYPL
908,2015-11-25,35.2,35.86,35.13,35.36,35.36,3882189.0,PYPL
909,2015-11-24,35.25,35.3,34.88,35.12,35.12,8390058.0,PYPL
910,2015-11-23,36.5,36.65,35.41,35.56,35.56,6960964.0,PYPL
911,2015-11-20,36.45,36.45,35.9202,36.36,36.36,4543444.0,PYPL
912,2015-11-19,36.45,36.5,35.91,36.19,36.19,5042281.0,PYPL
913,2015-11-18,36.32,36.95,35.785,36.22,36.22,8323149.0,PYPL
914,2015-11-17,35.89,36.45,35.71,36.21,36.21,7344143.0,PYPL
915,2015-11-16,34.55,35.66,34.53,35.61,35.61,6734488.0,PYPL
916,2015-11-13,35.18,35.4999,34.5,34.53,34.53,7364367.0,PYPL
917,2015-11-12,35.945,36.05,34.83,35.57,35.57,11835858.0,PYPL
918,2015-11-11,37.19,37.32,35.75,36.33,36.33,12762469.0,PYPL
919,2015-11-10,36.58,37.2,36.5,37.0,37.0,36384428.0,PYPL
920,2015-11-09,36.1,36.74,35.65,36.6,36.6,11571512.0,PYPL
921,2015-11-06,36.59,36.7,35.8,36.24,36.24,10256842.0,PYPL
922,2015-11-05,37.82,37.98,36.66,36.71,36.71,9068886.0,PYPL
923,2015-11-04,38.45,38.52,37.33,37.6,37.6,12226757.0,PYPL
924,2015-11-03,37.05,38.44,37.0,37.9,37.9,12025221.0,PYPL
925,2015-11-02,35.58,37.41,35.45,36.99,36.99,11254928.0,PYPL
926,2015-10-30,35.64,36.49,35.24,36.01,36.01,13409243.0,PYPL
927,2015-10-29,34.73,36.5,34.5,35.91,35.91,25137251.0,PYPL
928,2015-10-28,36.21,36.65,35.81,36.52,36.52,11634340.0,PYPL
929,2015-10-27,36.39,36.3941,35.31,35.94,35.94,8502406.0,PYPL
930,2015-10-26,36.05,36.59,35.515,36.44,36.44,11554647.0,PYPL
931,2015-10-23,35.73,35.75,34.8,34.99,34.99,8909138.0,PYPL
932,2015-10-22,34.43,35.25,34.26,34.79,34.79,8735516.0,PYPL
933,2015-10-21,34.75,34.8,32.88,33.83,33.83,9113873.0,PYPL
934,2015-10-20,34.8,34.99,34.59,34.87,34.87,6084245.0,PYPL
935,2015-10-19,34.43,34.905,33.79,34.84,34.84,5855686.0,PYPL
936,2015-10-16,34.75,35.05,33.95,34.29,34.29,5390718.0,PYPL
937,2015-10-15,34.45,34.72,34.16,34.62,34.62,9103243.0,PYPL
938,2015-10-14,33.4,34.46,33.4,34.05,34.05,8198250.0,PYPL
939,2015-10-13,32.6,33.48,32.3399,33.22,33.22,8787712.0,PYPL
940,2015-10-12,32.19,32.67,32.1,32.63,32.63,3915468.0,PYPL
941,2015-10-09,31.69,32.45,31.41,32.06,32.06,5911405.0,PYPL
942,2015-10-08,32.44,32.45,31.09,31.67,31.67,9281454.0,PYPL
943,2015-10-07,32.31,32.471,31.52,32.38,32.38,6969581.0,PYPL
944,2015-10-06,32.91,32.91,31.78,31.86,31.86,7443781.0,PYPL
945,2015-10-05,32.95,33.02,32.38,32.67,32.67,6119068.0,PYPL
946,2015-10-02,30.82,32.86,30.75,32.83,32.83,7609776.0,PYPL
947,2015-10-01,30.82,31.587,30.75,31.48,31.48,9656980.0,PYPL
948,2015-09-30,31.2,31.28,30.64,31.04,31.04,13537262.0,PYPL
949,2015-09-29,32.27,32.67,30.3,30.63,30.63,12008145.0,PYPL
950,2015-09-28,33.68,33.68,32.155,32.25,32.25,7202535.0,PYPL
951,2015-09-25,34.6,34.69,33.5,33.77,33.77,6566750.0,PYPL
952,2015-09-24,34.0,34.07,33.38,33.91,33.91,6544533.0,PYPL
953,2015-09-23,33.49,34.34,33.26,34.16,34.16,5405501.0,PYPL
954,2015-09-22,33.94,34.1,33.1899,33.35,33.35,8538006.0,PYPL
955,2015-09-21,33.66,34.62,33.43,34.25,34.25,12736464.0,PYPL
956,2015-09-18,32.9,33.78,32.55,32.92,32.92,16488139.0,PYPL
957,2015-09-17,33.72,33.99,33.08,33.32,33.32,7846799.0,PYPL
958,2015-09-16,33.46,34.06,33.36,33.77,33.77,7183907.0,PYPL
959,2015-09-15,33.72,33.95,32.67,33.8,33.8,11874863.0,PYPL
960,2015-09-14,33.7,33.95,33.2,33.77,33.77,7897681.0,PYPL
961,2015-09-11,33.27,33.59,32.61,33.55,33.55,9184211.0,PYPL
962,2015-09-10,34.23,34.29,32.95,33.46,33.46,12134501.0,PYPL
963,2015-09-09,34.92,34.95,33.88,34.37,34.37,10946887.0,PYPL
964,2015-09-08,34.81,34.89,34.25,34.7,34.7,7674452.0,PYPL
965,2015-09-04,34.71,34.72,33.78,34.29,34.29,7483792.0,PYPL
966,2015-09-03,35.01,35.46,34.77,35.31,35.31,6683814.0,PYPL
967,2015-09-02,34.6,35.08,33.835,35.07,35.07,7521045.0,PYPL
968,2015-09-01,34.24,34.68,33.41,33.77,33.77,13375959.0,PYPL
969,2015-08-31,35.49,35.51,34.77,35.0,35.0,12123766.0,PYPL
970,2015-08-28,34.51,35.26,34.37,35.04,35.04,8344820.0,PYPL
971,2015-08-27,34.0,34.77,33.16,34.62,34.62,18909574.0,PYPL
972,2015-08-26,33.7,33.84,31.71,33.17,33.17,25350364.0,PYPL
973,2015-08-25,35.44,35.46,32.7,32.7,32.7,15557082.0,PYPL
974,2015-08-24,31.17,34.85,30.0,33.75,33.75,19676580.0,PYPL
975,2015-08-21,35.57,36.11,33.83,34.25,34.25,16824144.0,PYPL
976,2015-08-20,36.85,37.34,35.88,35.98,35.98,10645667.0,PYPL
977,2015-08-19,37.87,38.1,37.03,37.19,37.19,6923402.0,PYPL
978,2015-08-18,39.0,39.0,37.87,37.99,37.99,4678847.0,PYPL
979,2015-08-17,38.3,38.75,37.7,38.73,38.73,4931711.0,PYPL
980,2015-08-14,37.49,38.18,37.38,38.14,38.14,6271143.0,PYPL
981,2015-08-13,38.4,38.49,37.44,37.62,37.62,7863525.0,PYPL
982,2015-08-12,38.55,38.58,37.01,38.19,38.19,21366670.0,PYPL
983,2015-08-11,38.93,39.28,38.72,38.85,38.85,8184004.0,PYPL
984,2015-08-10,39.43,39.69,38.7701,39.05,39.05,7998929.0,PYPL
985,2015-08-07,39.04,39.23,38.6,39.13,39.13,8331310.0,PYPL
986,2015-08-06,39.63,39.74,38.55,38.85,38.85,7324116.0,PYPL
987,2015-08-05,39.7,39.88,39.17,39.27,39.27,9349565.0,PYPL
988,2015-08-04,39.91,39.91,38.43,38.95,38.95,10992217.0,PYPL
989,2015-08-03,39.25,39.88,38.9,39.39,39.39,15126574.0,PYPL
990,2015-07-31,39.14,39.2,38.2199,38.7,38.7,12480580.0,PYPL
991,2015-07-30,38.04,39.01,37.715,38.45,38.45,13845091.0,PYPL
992,2015-07-29,38.03,38.1,37.62,37.95,37.95,11788439.0,PYPL
993,2015-07-28,37.19,38.0,36.8296,37.6,37.6,18986016.0,PYPL
994,2015-07-27,36.78,37.38,36.22,36.39,36.39,16179913.0,PYPL
995,2015-07-24,37.71,38.0,36.91,37.0,37.0,14274305.0,PYPL
996,2015-07-23,38.74,38.75,36.93,37.01,37.01,19250154.0,PYPL
997,2015-07-22,39.35,39.7178,38.1,38.39,38.39,25380859.0,PYPL
998,2015-07-21,41.08,41.11,39.12,39.35,39.35,32954573.0,PYPL
999,2015-07-20,41.46,42.55,39.8,40.47,40.47,52286509.0,PYPL
